500
2069 4125
3277 3297
1988 976
428 4292
3273 306
601 4483
3247 1840
4441 4705
458 3262
4090 183
1231 4259
1474 6681
3717 4709
2654 2932
2235 6532
1417 9373
3470 5462
1714 5548
2518 8001
2590 3710
1229 5470
4220 7309
2555 4232
159 4006
4067 1745
2726 9831
4233 9997
3632 8131
2518 1255
4968 1963
450 5698
136 222
136 5384
3121 1682
2335 7343
851 8538
1807 3997
2535 3985
4918 5502
1373 319
1174 1692
1661 6070
1588 9884
4942 7260
2683 5729
4688 1215
4656 923
525 3859
4332 2132
1639 4185
4614 4669
3424 5868
161 9740
142 1515
2519 5495
550 4840
156 1040
785 3307
1769 9013
3893 4831
2961 8527
2653 2755
506 1810
2461 1212
358 2402
3367 7676
4664 2666
3443 5259
1578 6875
4999 2803
3731 6361
3106 1319
515 3617
1856 8458
2416 8478
3370 727
1473 920
4457 1874
2444 7188
529 204
3522 5865
2565 5369
4572 1232
3608 5110
40 5734
2421 7150
3305 6193
1261 9150
538 7408
2306 8679
2981 221
1872 7637
3166 1142
634 8450
4124 1745
2003 5238
2500 7845
1618 2901
4178 7883
3188 2529
762 1719
315 4056
4233 8582
4637 8317
1382 5225
2981 1737
1990 5489
762 9582
4859 5764
4931 407
63 5217
2245 4649
95 7065
1991 4750
2727 8489
1351 8599
4204 4309
3263 4582
311 4166
3295 2440
830 8714
4474 3030
3304 7359
754 4920
4793 7919
2246 9046
1411 6479
3986 8617
572 4718
4307 8666
4009 3767
4871 6059
2352 8588
2330 7091
4191 3160
3151 6064
321 7204
3756 6744
2204 578
2883 3507
168 1380
450 9947
2570 7954
4100 9978
2808 4024
3670 4484
803 7009
3275 5335
1821 9618
1410 2772
4972 4584
2965 2878
1533 1463
4734 7335
584 5164
464 2844
2487 9179
2319 7789
4351 4578
4420 7786
351 4254
1705 8770
240 7242
1985 146
4937 8839
584 6455
2259 4261
3492 7888
2531 1181
1089 2428
1872 2901
1250 7800
1991 7302
2741 8265
583 6943
2262 7888
4977 8852
509 108
2158 8169
532 6885
2071 1291
1301 7276
4282 81
1853 1181
2855 3838
398 1396
2774 5347
3201 8147
160 7690
327 3507
2668 7930
633 357
1294 8942
397 6797
1133 5290
4853 5892
1216 2796
427 2307
2693 7582
1707 5920
4250 6308
3622 4219
1433 1505
3103 753
1210 2152
2824 2597
254 9828
1524 2491
3740 277
1454 9644
3334 8041
756 6436
3535 746
2006 1000
1594 835
4122 6926
1113 8628
3803 9836
2701 4541
1658 1172
726 7986
2502 9628
3929 2633
3763 4065
1824 2089
4541 1373
1903 4924
3243 9439
4557 6362
2513 4960
2859 8335
3390 7939
286 8140
4157 7369
3385 1418
1874 6336
2974 5865
3764 3906
2792 4731
4613 6402
4701 2836
2272 2736
1404 6984
4440 1609
3655 7083
1377 9929
2115 6550
3001 6932
14 9307
3313 2243
1474 8721
4782 4093
4274 3702
3676 1858
220 7502
1053 9873
3211 540
324 7174
735 670
570 4567
4652 3584
1993 102
2305 9640
454 8153
296 2177
1765 3656
3544 8602
3108 3068
4575 5407
2214 1024
4884 7216
749 5271
1496 2299
2584 7724
413 7533
4797 1885
2414 7028
1315 5904
1630 1254
2343 8584
1615 232
2347 3916
2872 8282
2987 2680
1848 1257
3360 4292
325 1260
1096 1060
2043 8344
3736 7824
639 2792
1651 8703
2487 7853
2789 5288
3948 5302
4971 5503
651 5226
484 8682
4538 157
3295 9650
882 1329
1714 9938
2062 2687
2134 8506
678 6334
2862 8716
282 6055
1877 344
3636 700
1531 9650
3602 6539
2115 7419
2061 2663
4429 348
597 7291
816 1274
647 7952
4005 3280
2480 5108
2077 862
2362 2133
1094 7940
2908 3962
204 9382
1711 1943
2343 7954
2046 5074
773 7297
3509 9068
4608 1870
3750 4956
590 341
2120 6582
948 5439
2585 2534
3343 2593
4047 7572
781 5883
1616 8162
4601 5789
3502 9853
461 8221
4508 1073
3717 194
4943 7557
720 5590
2311 7423
39 3557
2991 1230
2169 7827
1661 7506
941 4724
3749 4397
2677 3068
2539 830
3098 5944
1728 4740
1124 9682
3956 6890
1253 3279
982 2793
385 5269
3802 7532
4773 1667
4900 4445
2576 7861
4041 2668
3094 7385
4023 4440
1584 8292
1880 4939
4766 1297
1458 3454
3031 8052
1480 3508
1074 8644
1350 1014
1941 8117
3603 3184
1061 879
741 336
137 7336
3827 2092
4458 261
4190 7630
3383 5865
3622 5544
1468 9331
470 6001
3270 225
3846 6902
3412 6998
815 3468
1238 207
4154 6122
565 7749
3209 3231
3052 8915
1038 4877
448 5464
221 638
838 1013
3908 1485
4842 6864
4089 1974
794 2961
3013 2953
3387 3006
4507 223
2002 2771
2793 7424
2655 6488
4501 3954
1997 7144
1643 6083
1519 9897
3996 3337
4391 917
1890 2047
2831 6314
4113 4866
4840 3355
2550 6919
3330 5273
3696 5773
1182 2565
1691 6609
1580 3122
4943 8882
1961 2515
211 6459
2938 5437
2627 5912
3529 2622
4777 3314
88 8945
352 598
4125 8303
796 1538
283 9417
1026 3649
450 2965
1563 6343
1983 1167
3393 886
705 3660
3324 3757
4076 5664
2848 3629
3339 6036
3439 8612
1072 4197
896 1342
1907 7465
4939 3377
4984 1609
1528 1839
4545 8877
870 715
3043 7704
2239 1037
3316 8798
3939 7564
2673 6666
1854 7989
3494 1699
2771 2116
3273 4685
1403 6336
3964 3831
459 5843
2557 7701
4740 9638
4040 2739
4596 4554
4801 7521
3694 4106
4951 1143
4148 834
1533 3170
12 490
41 6629
3985 1366
2723 6030
152 8595
3866 1485
1671 6304
2063 3848
3685 1894
2861 9368
3552 6971
2618 9169
3906 6753
406 2549
1067 56
3971 6839
4526 2043
4157 5768
4344 4264
3437 9328
